{
 "metadata": {
  "name": "",
  "signature": "sha256:67e6b5005f5a6ec07516b93d03c9404fbc028e20ec96ec03cfa8d9d0b6d97d03"
 },
 "nbformat": 3,
 "nbformat_minor": 0,
 "worksheets": [
  {
   "cells": [
    {
     "cell_type": "code",
     "collapsed": false,
     "input": [
      "from LDA_utils import *\n",
      "\n"
     ],
     "language": "python",
     "metadata": {},
     "outputs": [
      {
       "output_type": "stream",
       "stream": "stdout",
       "text": [
        "(array([[ 2.,  2.,  0., ...,  2.,  0.,  0.],\n",
        "       [ 0.,  2.,  0., ...,  1.,  0.,  1.],\n",
        "       [ 3.,  1.,  1., ...,  0.,  1.,  3.],\n",
        "       ..., \n",
        "       [ 0.,  0.,  0., ...,  0.,  0.,  0.],\n",
        "       [ 0.,  1.,  2., ...,  3.,  4.,  0.],\n",
        "       [ 0.,  0.,  0., ...,  0.,  0.,  0.]]), array([[  5.78022852e-07,   2.54123541e-01,   2.39014603e-03,\n",
        "          4.78893236e-01,   2.64592499e-01],\n",
        "       [  3.60367169e-06,   3.51083288e-01,   6.48077671e-01,\n",
        "          8.34414853e-04,   1.02209384e-06],\n",
        "       [  1.39282172e-02,   2.64289246e-01,   7.20448527e-01,\n",
        "          1.48206332e-05,   1.31918912e-03],\n",
        "       [  1.68984154e-02,   7.52378669e-03,   1.23405821e-02,\n",
        "          9.70655343e-05,   9.63140150e-01],\n",
        "       [  1.15141119e-12,   2.52344012e-03,   7.91704794e-04,\n",
        "          9.38947986e-02,   9.02790057e-01],\n",
        "       [  4.69874530e-01,   1.04970531e-02,   3.93196661e-04,\n",
        "          4.90952028e-01,   2.82831920e-02],\n",
        "       [  4.82201357e-01,   3.89732887e-01,   3.64290818e-02,\n",
        "          7.29357795e-06,   9.16293803e-02],\n",
        "       [  2.81873704e-02,   8.91646039e-01,   5.97639741e-02,\n",
        "          2.01209889e-05,   2.03824951e-02],\n",
        "       [  3.05488743e-02,   2.96421677e-01,   2.40576565e-05,\n",
        "          1.50922784e-01,   5.22082607e-01],\n",
        "       [  1.76649628e-04,   8.33670607e-02,   3.90933510e-01,\n",
        "          5.25436191e-01,   8.65887237e-05],\n",
        "       [  1.32770242e-02,   2.88873500e-01,   1.25288555e-03,\n",
        "          6.35280312e-05,   6.96533062e-01],\n",
        "       [  9.38138185e-02,   7.11730515e-01,   8.60053516e-02,\n",
        "          2.32572845e-02,   8.51930299e-02],\n",
        "       [  3.06145612e-01,   3.04605747e-01,   4.63685874e-03,\n",
        "          3.73290575e-01,   1.13212064e-02],\n",
        "       [  7.73716321e-05,   3.14911580e-01,   6.96744409e-02,\n",
        "          2.36831941e-03,   6.12968288e-01],\n",
        "       [  2.30888084e-01,   1.10607429e-01,   5.30660100e-01,\n",
        "          9.84991814e-02,   2.93452054e-02],\n",
        "       [  8.03127542e-08,   3.95384523e-01,   5.59307166e-01,\n",
        "          2.68403935e-04,   4.50398274e-02],\n",
        "       [  3.88368220e-01,   1.20034279e-01,   3.41683098e-01,\n",
        "          1.49777339e-01,   1.37063415e-04],\n",
        "       [  4.30602984e-04,   5.71853749e-01,   1.35896975e-02,\n",
        "          4.04166157e-01,   9.95979372e-03],\n",
        "       [  2.30035033e-05,   4.32502118e-01,   6.22675505e-03,\n",
        "          5.61166373e-01,   8.17511875e-05],\n",
        "       [  1.22651483e-10,   4.69234315e-01,   3.41924946e-01,\n",
        "          1.84625258e-01,   4.21548024e-03]]), array([[ 0.0014118 ,  0.76142597,  0.02501492,  0.04253271,  0.1696146 ],\n",
        "       [ 0.69231227,  0.06305273,  0.043779  ,  0.09799732,  0.10285868],\n",
        "       [ 0.16277017,  0.32289479,  0.17633493,  0.31740811,  0.020592  ],\n",
        "       [ 0.42699121,  0.05316671,  0.42504358,  0.03861382,  0.05618467],\n",
        "       [ 0.19729114,  0.22767279,  0.23366692,  0.11357198,  0.22779717]]), array([[ 3.,  4.,  1., ...,  3.,  1.,  4.],\n",
        "       [ 1.,  2.,  2., ...,  2.,  2.,  2.],\n",
        "       [ 2.,  2.,  2., ...,  1.,  0.,  2.],\n",
        "       ..., \n",
        "       [ 3.,  1.,  1., ...,  1.,  1.,  3.],\n",
        "       [ 1.,  1.,  3., ...,  1.,  3.,  3.],\n",
        "       [ 1.,  1.,  1., ...,  1.,  3.,  1.]]))\n"
       ]
      }
     ],
     "prompt_number": 1
    }
   ],
   "metadata": {}
  }
 ]
}